 1,  1,    101A-1    ,èoâ_â^ëóÅ@1001                ,≤Ωﬁ”◊≤›Å@1010                 ,   49740.0,  10544880,                    ,2026/06/02          ,                    
 2,  1,    1,ç|çﬁ                ,  1,  1,  315,TMCP385B  ,   30,BÅ†       ,9500      ,9500      ,500       ,500       ,0         ,0         ,BÅ†-950x950x50x50   ,    0,                    ,  7040.0,    1,  9948.0,       110,   1094280,K-1CX5Y14           
 2,  2,    1,ç|çﬁ                ,  1,  2,  315,TMCP385B  ,   30,BÅ†       ,9500      ,9500      ,500       ,500       ,0         ,0         ,BÅ†-950x950x50x50   ,    0,                    ,  7040.0,    1,  9948.0,       120,   1193760,K-1CX10Y14          
 2,  3,    1,ç|çﬁ                ,  2,  0,  315,TMCP385B  ,   30,BÅ†       ,9500      ,9500      ,500       ,500       ,0         ,0         ,BÅ†-950x950x50x50   ,    0,                    ,  7040.0,    1,  9948.0,       200,   1989600,K-1CX7Y14           
 2,  4,    1,ç|çﬁ                ,  3,  1,  315,TMCP385B  ,   30,BÅ†       ,9500      ,9500      ,500       ,500       ,0         ,0         ,BÅ†-950x950x50x50   ,    0,                    ,  7040.0,    1,  9948.0,       310,   3083880,K-1CX8Y14           
 2,  5,    1,ç|çﬁ                ,  3,  2,  315,TMCP385B  ,   30,BÅ†       ,9500      ,9500      ,500       ,500       ,0         ,0         ,BÅ†-950x950x50x50   ,    0,                    ,  7040.0,    1,  9948.0,       320,   3183360,K-1CX9Y14           
 1,  2,    101A-2    ,ÉeÉXÉgâ^ëóÅ@1212              ,TESTÅ@1020                    ,   29844.0,   6267240,                    ,2026/06/02          ,                    
 2,  1,    1,ç|çﬁ                ,  4,  0,  315,TMCP385B  ,   30,BÅ†       ,9500      ,9500      ,500       ,500       ,0         ,0         ,BÅ†-950x950x50x50   ,    0,                    ,  7040.0,    1,  9948.0,       400,   3979200,K-1CX4Y11           
 2,  2,    1,ç|çﬁ                ,  1,  1,  315,TMCP385B  ,   30,BÅ†       ,9500      ,9500      ,500       ,500       ,0         ,0         ,BÅ†-950x950x50x50   ,    0,                    ,  7040.0,    1,  9948.0,       110,   1094280,K-1CX5Y14           
 2,  3,    1,ç|çﬁ                ,  1,  2,  315,TMCP385B  ,   30,BÅ†       ,9500      ,9500      ,500       ,500       ,0         ,0         ,BÅ†-950x950x50x50   ,    0,                    ,  7040.0,    1,  9948.0,       120,   1193760,K-1CX10Y14          
